feed,BabyBirdBlend,BreederAdvance Complete,BreederChoice Complete,BreederElite Complete,BreederOptimal Formula,BreederPerfect Plus,BreederPrime Formula,BreederVital Premium,BroilerBoost Supreme,BroilerBulk Ultra,BroilerCharge Complete,BroilerComplete Plus,BroilerPlus Advanced,ChickBoost Complete,ChickLaunch Pro,ChickStart Plus,ClutchBoost Supreme,ClutchMaster Formula,ClutchPower Premium,DevelopPro Advanced,EarlyGrow Formula,EggBoost Supreme,EggMaster Premium,EggQuality Enhanced,EggStream Formula,EggToChick Plus,EggcellenceBlend,EndStage Enhanced,FastFinish Formula,FeatherFill Premium,FeatherUp Complete,FecundityBoost Complete,FertileEgg Premium,FertileLayer Complete,FertileSupport Enhanced,FertilityMax Formula,FertilityPlus Complete,FinalBoost Premium,FinalPhase Complete,FineMeat Formula,FinishLine Enhanced,FinishPro Supreme,FinishRight Premium,FirstFeather Nutrition,FirstPeck,FledglingBlend,GrowStrong Advanced,GrowthBurst Formula,GrowthFinish Advanced,GrowthMax Complete,HatchMate Premier,HatchMore Premium,HatchPro Complete,HatchRate Pro,HatchSuccess Formula,HatchlingEssentials,JuniorLayer Prep,JuvenileBlend Plus,LastBoost Complete,LastStage Enhanced,LayMore Gold,LayWell Complete,LayerLuxe Complete,LayerProducer Plus,MarketMax Formula,MarketPrep Formula,MarketReady Formula,MatureBlend Complete,MeatMaker Premium,MeatMax Complete,MeatYield Advanced,MidGrow Formula,MidStageNutrition,MuscleBuilder Pro,NestResult Formula,NestStart Gold,OmegaEgg Enhanced,PeakLay Advanced,PeepNourish,PeepStart Max,PerfectFinish Pro,PrimeFinish Complete,ProteinPeak Complete,PulletDevelop Formula,PulletFirst Complete,PulletPower Premium,QuickGrow Formula,RapidGrow Complete,RapidMeat Enhanced,ReadyWeight Complete,ReproMax Enhanced,ReproNutrient Formula,ReproSuccess Formula,ShellBuilder Pro,ShellMax Enhanced,ShellStrength Pro,StartRight Formula,TeenChick Formula,WeightGain Pro,YolkPerfect Premium
BabyBirdBlend,0.9999999999999998,-0.2323606993199954,0.5496371401089658,0.23800198472949585,-0.49809194719453603,-0.13393911390916385,-0.05012384477882088,0.300923423462394,-0.2565426920763387,-0.3412093506069009,0.13985288902806745,-0.04207158796710763,-0.1629087440272542,-0.3281543041974632,-0.4903065175649094,0.37549005507613414,-0.6661840941869,0.2603541269085399,-0.17085640950814293,-0.08357498693531584,0.0769040609955327,0.39641377771480596,-0.4390983617416415,-0.2083731988238,0.1343054553987645,-0.33964178897394387,0.6402860498540899,-0.027519723962703805,-0.1738091234857913,-0.5822819198442456,-0.23707763391365996,0.04517904027779006,-0.6184237652821459,-0.13860998838882152,-0.450848467350023,0.08001230235671747,-0.20708145051963492,-0.09335614823540152,-0.05904382992073782,-0.5089768695961292,0.6840266322188676,0.3174753983862472,-0.1950880486662569,-0.5330803542791749,-0.0753246368320246,-0.24144377196634592,0.1783999348579149,-0.5431145914455835,0.642369713555663,0.03774279766300747,0.43318079227734074,-0.49423773136323035,0.029411024002437995,0.3583277070045608,0.43856666972815816,-0.4400561012667011,0.68392970431082,0.0884774285731205,-0.2481578432371078,-0.11152388433085188,-0.013063814928314326,-0.08143148554127702,0.16289309402775645,-0.12102508839780118,-0.12989159778343287,-0.35222053982812823,-0.3033979007422062,0.6631685620400767,-0.3910189201425281,-0.2339838400803351,0.526616942967637,0.7512497199199097,0.6085454296265373,0.16444092136941865,0.42003541903313324,0.09678711990986272,0.3693549500144147,-0.4749105087508638,0.2652557822104603,-0.04136428937520526,0.5151141384209194,0.5968817444294575,0.40569536826458724,-0.2517935156417785,0.26504265476605576,0.29504635901660603,-0.07836420787836186,-0.6519115575946076,0.06998594272088735,-0.6823757789190918,0.5431869524996674,0.09928738929371463,-0.23554578203461474,-0.08641407207065971,-0.44725817206779367,-0.10312332124556774,-0.16577833359149713,0.02186040313511858,0.17286912237719815,-0.055118043196561606
BreederAdvance Complete,-0.2323606993199954,0.9999999999999999,-0.20676836652145425,-0.3733357415266636,0.3838248907293904,0.5824013919478882,-0.23096328468779814,-0.4207466432298184,0.07220226155710024,0.03041574908950198,-0.2797193942846445,0.16833122087112118,-0.07712538113073995,0.11043153058634943,0.32439751051284,-0.09438925653022433,0.1064029888302789,0.18394136288075735,-0.4174866152021652,-0.28070811292818787,0.41232170878593416,-0.2085970794568762,-0.04523711448704942,0.06351332636274666,0.6125644277989734,0.13531474774149566,-0.15002630566161085,0.3546795094722595,0.22541747745885754,-0.04744993518152333,-0.36264228106973145,-0.4280514641946703,0.4135195822042733,-0.46974316504771163,0.019170786746789764,0.09230413489640532,-0.41073638452041816,0.21136663044751067,-0.16425191239486883,0.08797869606618905,-0.021689044450507552,-0.23430982425243962,0.11508965853428019,0.4756032823251481,-0.3776888718247613,0.17487314905314993,0.14951113506520275,0.15299546612034987,-0.2015422086407904,0.1661592379654796,-0.41328342158276704,0.5203995459429555,-0.32446952811389806,0.1080806457520149,-0.22104113425742183,0.3805998828094882,-0.11329765683386783,0.5353616081133997,-0.5167507823320661,-0.373106812763176,0.43435260931625397,0.2793508115953102,-0.3819656232549278,0.36441902983325336,0.33966084535487817,0.048633180928636804,0.1799729684400534,-0.25966412827428315,-0.055786949697555446,-0.4259159445386084,-0.015698840340236483,-0.16692117819586025,-0.2285300950166591,0.40912116748524424,-0.35233505343959065,0.13568891286013837,-0.09148147452910854,0.16979776210727102,-0.07694730295488476,-0.3306602916357175,-0.10647924100986926,-0.16410379042025103,-0.20903633268290114,-0.2537686974874526,-0.10254196680440576,0.007600376489083796,-0.1664148422523353,0.2134870231980093,0.20588577015856757,0.15344489231557742,-0.2938333113656635,0.41606384235057614,0.32689466640425235,0.06084926057533901,0.009041026651097262,0.03944661717784381,-0.14957713021213187,-0.24279885043078256,-0.3494064374274612,0.17906813794484205
BreederChoice Complete,0.5496371401089658,-0.20676836652145425,0.9999999999999998,0.050725253565778575,-0.6163918175495352,0.14579133477043305,0.12248087526088859,0.40826899258140176,-0.5194950517057397,-0.6233274390669113,0.15027215680339995,-0.28995409536262357,-0.21438154133801204,-0.19479672063756193,-0.8316364646063693,-0.09619441128096583,0.036209481849708784,0.23655194834405063,0.508731247221877,-0.010088581225244569,-0.3909557863121007,-0.15339367185014402,-0.5485318399186454,0.11286421767755127,-0.059970133282283004,-0.8057641767511232,0.7833208048164154,0.4074484919671175,-0.23030750974896358,0.0017689345370571197,-0.6393715525101024,0.30384131057728975,-0.775278744222739,0.12006510264166151,0.18162291800344357,-0.6731646904398848,0.2696583862036849,-0.23245317374768937,-0.5190379702799437,-0.658219807731206,0.7872994538970983,0.2576804841704462,-0.5388891809660319,-0.8368100019100686,-0.3825648826610596,-0.0865577451599424,0.5522118504270022,-0.5946165159015329,0.8292110394498459,-0.11028337426724401,0.004571553011254716,-0.6602452777980441,0.2038811853532722,-0.376803072293239,0.7141309783046248,-0.741075438290991,0.3925581150775288,-0.2019705715194547,-0.0075232164275536246,-0.28888158932902913,-0.5955583637786738,-0.5239046471409836,0.5479590188245559,0.13504967859458852,-0.032193506458802264,-0.810450732920521,0.32032769546240586,0.7333999509720661,-0.46190821353802486,0.014154409167635718,0.7307052004299407,0.8065723779332589,0.8428728272593701,0.25401132309414426,0.6559865812709057,-0.17008151177276096,0.5004167265310406,-0.682405437621891,0.30384238177236506,0.3244390921688689,0.6197752463281906,0.7537320046923591,0.4692498398125829,0.04801525502254395,0.31046568951051956,0.43786770975511474,0.12339397364184895,-0.7404337778086406,0.4112156364023415,-0.5942815539238699,0.5517710710157228,-0.395947892287138,0.17173605579886603,0.025662511404355624,-0.6333912653643811,-0.17884245458850645,-0.5463920234419389,-0.4786517878095494,0.22414761673015324,0.3095204581269569
BreederElite Complete,0.23800198472949585,-0.3733357415266636,0.050725253565778575,0.9999999999999998,0.3238449963072114,-0.38278096746410184,0.13749539310958458,0.1441711951707921,-0.2832406839071049,0.33385601946764243,0.6381655830903367,-0.2966468936439021,0.07286164530920669,-0.17025311404426985,0.30387512971975406,-0.04417316721218304,0.07158749578727767,-0.39089554729971615,0.13593643907913316,-0.4107755113533628,0.11938013230915161,0.40528788112178793,0.18187175890637639,0.13331458457700116,-0.47084501739567614,0.07161752236148894,-0.11053071241090746,-0.25425362204733076,-0.07415838556827425,-0.5683943564136432,0.26537583273850934,-0.2023988166432816,-0.04325885872555833,-0.1043320071829805,-0.34829556653979454,0.09879643485969668,-0.09519915039128994,0.0984656395292694,-0.03828926322884418,0.3919351296491554,-0.06992476037970886,0.7004792158203207,0.37636272321364855,0.013131903970579575,0.30716960602563387,-0.034530396510937145,-0.08361671695552374,-0.3468572620301258,0.10254596415492273,-0.2733712354207851,0.3420512406027104,0.1311856774168943,0.2821016517399419,0.05201400034994455,-0.05454148920808455,0.20683027067484966,-0.11606220330083754,-0.13202761603679594,-0.034047488077306384,-0.13120012419654015,-0.18765898825801,-0.17567648087285925,-0.02604333206028261,-0.15124390624713688,-0.5980421363453118,0.34099685794357626,-0.26230943094081866,-0.09179121217326709,-0.15210048371594342,0.19381230940949837,-0.0617685340490392,0.061802504665770946,-0.12048120882854257,-0.2037083725439451,-0.18029800737807208,0.36771556737344274,0.06080933148068869,-0.22441428126524957,0.019568892922822,-0.5278153529439361,-0.19938567763258253,-0.27797893322740047,0.2769274039141843,0.19463582066629354,-0.22190011998142437,-0.21778397810939099,-0.20978763891126803,0.1040811920382688,-0.4980572325544671,0.23977132384629454,-0.15695934414806723,0.007906188673455553,-0.1878598687431837,0.11150042035476669,0.19689459974092632,-0.10566080046615814,0.3458398222998691,0.24389536409826199,0.3044177971346322,-0.11983586396502727
BreederOptimal Formula,-0.49809194719453603,0.3838248907293904,-0.6163918175495352,0.3238449963072114,1.0000000000000002,0.026667367348233873,0.03411763861483101,-0.1913670136311844,0.03414089708635425,0.5194558409547216,0.21684875345212667,-0.08298772893059944,0.3483679716975651,0.07486296568249341,0.863779212019403,-0.33963550683026367,0.23961273577913197,-0.3084342184639807,-0.26952863927163084,-0.4892967265464492,0.47686191765812397,0.23449555674987382,0.6405880824208073,0.05432398206603405,-0.04537536178746603,0.505927996196716,-0.7407231095509633,-0.26640076932275075,0.17869653698906593,-0.2716853959558094,0.3693932054525117,-0.47179565276515756,0.6937493431430886,-0.23146384326325642,-0.11014038522138352,0.22259758294569806,-0.27572536847082135,0.16608387702825558,0.19207428909095184,0.7334588834070445,-0.7223091506997018,0.13925207223918318,0.7688696453721503,0.7300235306502646,0.25563344178932146,0.24723780106858506,-0.36427965648818944,0.17857153887311034,-0.7008566169415923,-0.23077098138795712,-0.18088588790498009,0.7319951470852795,0.01303769765505392,0.2682610525685152,-0.5129899024132256,0.7066157439893009,-0.6146375534794619,0.1982724551525356,-0.13937429458503942,-0.014989844407327941,0.3818618101201247,0.42538768891138257,-0.5824873918038643,0.2025695124582858,-0.0992601861244507,0.7943398183759475,-0.13138362407401416,-0.7724768152766766,0.04585903998789773,-0.09403126492947425,-0.609016850044525,-0.7258471283180573,-0.6753962544559055,-0.11206518456123914,-0.7663065894398889,0.5369772169589139,-0.4759302610588611,0.13221821546086648,-0.3527410526985473,-0.7305988278401034,-0.4350763206381115,-0.8531889611378964,-0.10826132972381101,0.06924781164406642,-0.3652377062730923,-0.3619020239863906,-0.1774446016510099,0.8178014678465891,-0.43679470304643053,0.7663312505735296,-0.7404959140788021,0.45865397387601015,0.060307790690627944,0.3301847068762015,0.5061893382121854,0.2853504954290179,0.5565329313870142,0.23922556839615072,-0.1564281827162121,-0.20951674185016353
BreederPerfect Plus,-0.13393911390916385,0.5824013919478882,0.14579133477043305,-0.38278096746410184,0.026667367348233873,1.0000000000000002,-0.5641834076002228,-0.25696272549428856,-0.391641147677782,-0.47471572571587506,-0.06505352938347786,-0.3888026048741706,-0.4428530470996135,0.3328607167418342,-0.2180480831557321,-0.1790354746081717,0.3102028141335311,0.3719771352648473,-0.13573364952794467,-0.2434335791534319,-0.02912541519032823,-0.30737693375501046,-0.03556954615449239,0.1611398341372224,0.38970533978108796,-0.3638380762843321,0.06897107383563053,0.3205026626750256,0.5077172369252215,0.28249462048893104,-0.5474911042078088,0.2635481070783357,-0.16900513193485217,-0.14829940883229478,0.3677013741495723,-0.28088490715344394,-0.11276194543274955,0.07419905308257312,-0.3949972518791048,-0.3748745644469845,-0.032476612041343667,-0.14946618385710975,-0.17107919973952723,0.022414924898852672,-0.7346257544912049,0.4693543423665351,0.4784690540684986,-0.16051866647649793,0.08829726953558419,-0.09763284056263971,-0.5582336117455609,-0.13107420560456767,-0.4923417078477238,-0.2583975241755375,0.4415463647589522,-0.30860358531340243,-0.3406961009815411,0.47230123413620134,0.09026621445450615,-0.48862752531897574,-0.15304072468081384,0.013003413286648634,0.32902200733596615,0.29552868660294296,0.438944651633144,-0.23716347980740568,0.40487984183600123,-0.07464315109211159,-0.10868867728851736,0.10491912546688051,0.23932490363985542,-0.0049507128434598865,0.284414806389337,0.22189917136691387,0.2788129206417656,0.22354466565316275,0.02990476789559085,-0.2492762691119123,-0.07786288856927112,-0.019008122709261985,0.34972850291364027,0.017741941317041297,-0.08590062096652795,0.1389519801801643,-0.10975178774068116,0.2615210074527217,0.08844452590189766,0.1170239509991195,0.37420603634549354,0.08579405820201935,-0.0063403718927160305,0.0696836581143113,0.8627538513926221,-0.2314447743120575,-0.5086039315345035,0.38427021389767435,-0.20181260566028197,-0.21328850285716713,-0.677623084142386,-0.05857629014951038
BreederPrime Formula,-0.05012384477882088,-0.23096328468779814,0.12248087526088859,0.13749539310958458,0.03411763861483101,-0.5641834076002228,1.0000000000000002,-0.08259142784310282,0.0844285996032452,0.19815044680105764,-0.3440153729685976,0.1170623559442827,0.29843177422390144,-0.07813331244962042,0.02770534110142469,-0.28184407613755574,0.005347744634775665,-0.653915955616467,0.2710766016264756,-0.00813370423512959,-0.2305935255148787,-0.24736219255863873,0.09037444119965202,0.5041622113758112,-0.4486187705492185,-0.053981621760762474,0.01819878888947586,-0.09814362417737749,-0.5218974704295218,0.04602750723336008,0.061998315700348285,-0.18666322266986038,0.3392373719550011,0.3096849734643209,-0.09554279775170117,-0.4085785702879657,0.35574343718599755,0.21534439388195817,0.09957149337653878,0.35130721968451695,0.11006931151938804,0.14827561991196528,-0.13444965296679642,0.019413677896158586,0.1790113849103302,-0.5876198432098877,-0.04938269284023627,0.29849466873741815,-0.02553522627103333,-0.1806097330890275,0.20362462811332896,0.10060488231013788,0.6820854415948923,-0.15282468680137837,-0.010257548437107633,0.16202547732708988,0.2647944943162956,-0.6278426322934031,-0.20438886513815896,0.3095949521877118,-0.07889975742970655,-0.23205284861407335,-0.07951760264302155,-0.0683044556039509,-0.3329177333833708,-0.025624056560907445,0.0006564534975901432,0.026340479912026683,0.2532487736050159,-0.07784016095205479,-0.07487699652489062,0.09567315949795911,0.08573163692849325,-0.4545822191262484,0.026184063513519786,-0.4572648136970745,0.029216884006031663,-0.039540400090695316,0.006784366226105726,0.051223116861195545,-0.07262956140899045,0.06498377312272474,-0.21468197066486983,0.3015341925627584,0.42255719661900587,-0.43226131428039427,0.30249167877038724,0.07312224025303,0.1380171345285509,0.19678021319806357,-0.16927360411333003,-0.3571182655881102,-0.4977855917869478,0.45643347008726415,0.3846698011704095,-0.29853534920101477,-0.22351539613306368,-0.4762078737824934,0.24307873144294176,-0.018840740126440946
BreederVital Premium,0.300923423462394,-0.4207466432298184,0.40826899258140176,0.1441711951707921,-0.1913670136311844,-0.25696272549428856,-0.08259142784310282,0.9999999999999998,-0.005180472589353821,-0.42860586458190414,0.4645700600163406,-0.14484296108357592,0.5023436624152969,-0.5750547996627283,-0.31947699857040907,-0.010818311924835068,0.01486121870284301,0.3697499766916896,0.44980302296198954,0.3935545448519674,-0.025233310004896564,0.2978018358880422,-0.18640182875331532,-0.564081360565683,-0.24859386259571545,-0.3426308433252972,0.3943423347328149,0.24300398348053398,-0.4178882950725275,-0.0681858633417245,0.08331245641900174,-0.017067990275053423,-0.5645587496799809,0.038943876625352425,0.13433257669678444,-0.1328228902428781,0.0895919028846128,-0.3157967867886177,-0.34718660934817114,-0.36394234427703726,0.20759905211804214,-0.01140280355319199,0.19084462126901547,-0.648601331606511,0.46881670024411715,0.12438426777173228,-0.15234144808352473,-0.5209554131962705,0.36890606515670443,-0.23887358822937396,-0.11765656056394105,-0.32247555381008636,0.2563078237155908,0.034715805129477084,0.031907196509894604,-0.4833507838736006,-0.0003630107620978296,-0.27039252905433997,0.29741561620706813,-0.028780538401579066,-0.20215255746139918,0.2172619749275245,-0.10326532558232,0.14771313830128222,0.3046920190699415,-0.3157050580207758,0.0071874650974888725,0.3691274179942849,-0.6252585433086698,-0.2593725107481848,0.3061935651311886,0.08123194812637713,0.16214111532674344,0.40054975460413145,-0.058154004421398904,0.33775593431386935,-0.018998452889422934,-0.3127340117221072,0.166383807217539,0.27142793409724825,0.3260644282934511,0.2060790237935053,0.7851963318252744,-0.23636348163081428,-0.2337632731699882,0.5339213411624066,0.1250289704917254,-0.336788458169431,-0.1684528008448078,-0.34730467976762674,0.3099730119759848,0.0011491943568477595,-0.09554634587068755,-0.026270308549009004,-0.33928310509501797,-0.03755900708574804,0.17847703015491176,0.1131249816330267,0.535404430347697,0.3117427584275292
BroilerBoost Supreme,-0.2565426920763387,0.07220226155710024,-0.5194950517057397,-0.2832406839071049,0.03414089708635425,-0.391641147677782,0.0844285996032452,-0.005180472589353821,0.9999999999999998,0.15226377096131574,-0.5137735641741308,0.30602861013927074,0.5563446190553074,-0.20945413706804128,0.31159283196905674,0.2798352844736825,-0.09995562842337741,-0.040916955981350395,-0.1948028768489673,0.5705737849578111,-0.006601040209269521,-0.17100811232858043,-0.08101348904673884,-0.20047545099361405,0.016830879209453704,0.44399305524903665,-0.14920987325665508,0.04366921352021171,-0.26981538306722963,0.22244538305057054,0.3062793141033815,-0.4460121039308649,0.4754497209449495,-0.07380700832830872,-0.23964557918750048,0.561394488345663,-0.0741199233276543,0.40723101282425583,0.09516567236338845,0.10014740411399506,-0.1268517438154506,-0.4638426568663121,0.024495032084737876,0.25989002811398343,0.5257279740960593,-0.21106074850649983,-0.4097465151971469,0.5502585376422491,-0.37744847004125415,0.07358190475992879,-0.17054298136234272,0.2767237913169721,0.19160729598545045,0.26809078058574437,-0.635299919078794,0.3368249105592778,0.1081444354897079,-0.08487853475308507,0.03485598510308845,0.3990163129378694,0.40305351341148804,0.37146439564982053,-0.4315882502990809,-0.09529779337122402,0.24054518882057738,0.1710663775755067,-0.26609625024814004,-0.1518195803682375,0.2184246219749812,-0.35931766837980006,-0.1500695417953761,-0.4178025260322308,-0.5018691684450238,0.11396135577921998,-0.4376627999031433,-0.3401986671253398,-0.12195182081036654,0.7712053132575242,0.1585184606044392,0.19917478210075967,-0.3390391400483044,-0.15122154874028748,-0.26788211627646324,-0.20026113335035806,0.018957217522062007,-0.11307763249488098,0.2570764909315737,0.14059091312062566,-0.2766639555869651,-0.027500581583813896,0.12451642756698711,0.20991086174109347,-0.3971374885918655,-0.14350702085899236,0.38175958244985675,-0.19241021608725323,0.04407570855714808,0.07995202251449554,0.20343851867170937,0.16722174457067668
BroilerBulk Ultra,-0.3412093506069009,0.03041574908950198,-0.6233274390669113,0.33385601946764243,0.5194558409547216,-0.47471572571587506,0.19815044680105764,-0.42860586458190414,0.15226377096131574,1.0,0.10783004155462074,0.37205784632646066,0.055380399338227526,0.18717601815382173,0.7269713103833851,-0.04106245058019667,-0.008003004147075887,-0.3739353175608612,-0.22063866868571183,-0.2819995755053235,0.3478980211343887,0.4127657743376768,0.4294557445245275,0.025505962369819665,-0.03423762368323413,0.809829914941689,-0.6843936448011023,-0.5225992929654669,0.27590995034600246,-0.32893231761369895,0.6576301427612694,-0.35912520930426045,0.6615992313757294,-0.1344275587125753,-0.11652523650546671,0.4463960372396404,-0.024898529372444182,-0.14877316968027945,0.6422765641012458,0.8789797594381208,-0.4878117919658922,0.07862716009112948,0.45822805504266756,0.6311997340652936,0.440370467222276,0.052818607066234424,-0.4656906682854056,0.26773800229931705,-0.6217139132858046,0.36822255354415906,0.4370679153004445,0.6633173714574132,-0.12484435158006356,0.2329826968546507,-0.6772386265051666,0.8811157660897615,-0.12712590365162782,-0.019437698011784608,-0.37800272091084863,0.35851869359163463,0.43025304160599837,0.002303925337619769,-0.41788891821494556,-0.33910086098360853,-0.5136284056865565,0.7386700924665162,-0.12047775053938974,-0.5872824492519433,0.39913460886187707,0.14376399106626384,-0.7672546777860755,-0.373207280432118,-0.6739796535490227,-0.2729561102456092,-0.5872359876826925,-0.04662252514147749,-0.10545948583633401,0.35026440132939024,-0.3446787441361926,-0.45167780182867495,-0.8302991242360558,-0.5557778939804904,-0.4006079683363198,-0.24026893830745052,-0.3192267824302799,-0.7174411737852773,-0.6018572989116909,0.39503550771564994,-0.4675387436794826,0.3731587454358484,-0.6274176868015173,0.03690023884118533,-0.35338606640664505,0.21505463517029108,0.8439008748133521,-0.026663713496649893,0.48355693302886793,0.4094848585189863,0.2481947796605158,0.03475573296885626
BroilerCharge Complete,0.13985288902806745,-0.2797193942846445,0.15027215680339995,0.6381655830903367,0.21684875345212667,-0.06505352938347786,-0.3440153729685976,0.4645700600163406,-0.5137735641741308,0.10783004155462074,1.0,-0.14195062723369975,-0.0161956532690569,-0.05023067303080209,0.11772992722467165,-0.13837857399062603,0.1589563427231,0.07630099964859113,0.30688313514121707,-0.1840213965616502,0.2587675172056237,0.5559194413523703,0.05301961481167699,-0.40389797366920677,-0.11389907258867492,-0.002542110399130945,0.017925288214759597,0.040248750051807024,0.12708870500218503,-0.48148221740299724,0.23437503229874537,0.11673738572639805,-0.38001852531437635,0.0036149189599305504,0.040184121806568725,0.03014696720533017,-0.07980338863254388,-0.39517196975749497,-0.11995889381110549,0.1333752991724351,-0.1088419107312222,0.3438804727891561,0.4605712836555446,-0.2349263360090936,0.22794585813333723,0.29469332882818366,-0.21126109671231744,-0.621340935855735,0.1997720310851597,0.012714588526981145,0.1385885028213107,0.00905816258215396,-0.19215678898496744,-0.04773461204417996,-0.018428390180470024,-0.06390224759284578,-0.23945465707819058,0.19407877338320909,0.07812036362922001,-0.3191889519168262,-0.2737592154222484,-0.013487881153832967,-0.10764851291250135,-0.07489693032102354,-0.1844434383909624,0.14141075390942745,0.0189592991578571,0.06267415396401395,-0.34051542857398737,0.21391529281463156,-0.025350764362084312,0.03202627845924059,-0.13779937583812707,0.0880322204388828,-0.15485281949100788,0.6516893833144725,-0.163210699774018,-0.37193610785402076,-0.20435668201070142,-0.2242335172328365,-0.12992562326742854,-0.24951507085100827,0.569539088310207,-0.14430340414890291,-0.512842745454923,0.23977851783172588,-0.44182181363672757,-0.0725512618723167,-0.21826280010879806,0.08870023443262307,-0.19490340387125407,0.07315174577490527,0.09854544988211578,0.1580699919882073,-0.06726762283549094,-0.08054956616231615,0.416669741025118,0.3172273845479492,0.35868780140594514,0.05924486921236463
BroilerComplete Plus,-0.04207158796710763,0.16833122087112118,-0.28995409536262357,-0.2966468936439021,-0.08298772893059944,-0.3888026048741706,0.1170623559442827,-0.14484296108357592,0.30602861013927074,0.37205784632646066,-0.14195062723369975,1.0000000000000002,-0.126062811235325,-0.07752085449512189,0.27127639071787396,0.4267857741373925,-0.4256050535372398,0.013709636970074386,-0.19878694545997044,0.13733332461149614,0.29579349298385105,0.041387049349941266,-0.2706377674397805,-0.39760983544184286,0.34621633249806777,0.5191803437622459,-0.031647302766911446,-0.02849393843683478,-0.297937408801583,-0.21405831755615587,0.23025860423887395,-0.2060287344727601,0.21263304499933552,-0.14666671793039085,-0.1990335596488022,0.33968862145334106,-0.2653932115891626,-0.2832798896967046,0.40759536107754946,0.21709940308819864,0.11863670648172826,-0.33182355693985766,0.012191785092436918,0.28057937412175993,0.2105053312067846,-0.36893930351160126,-0.2552674103173836,0.4011214076726247,-0.09093896871351963,0.725619993777625,0.5023848698078531,0.35801679757293464,-0.14503606907660513,0.1983849703753674,-0.44922135500258153,0.42335236493525524,0.41687960474684993,0.18791040182200872,-0.4136314242172052,0.055410218501752956,0.5258040884630786,0.1838345363725141,-0.5063565491857182,-0.14903570917910738,-0.014244679037262939,0.090768019214461,-0.19552660732254032,0.1318249923102714,0.16822300859167005,-0.34843062378001466,-0.22783691496559924,0.0453117100822413,-0.4017300073745446,0.21284650182155115,-0.3149945846899705,-0.1975891341689044,-0.20379510062756007,0.42073244229378465,0.13513782056263976,0.1194387256660647,-0.38125390025546124,0.1449700918643406,-0.14711641480774998,-0.4696522316059293,0.1927975913628479,0.006770658568087413,-0.3416188385174162,-0.20198165476499585,0.12418906287173391,-0.17503633079352723,-0.03152252918110125,0.21260360194018862,-0.6597117086159219,0.1167198416269943,0.3428237801827062,-0.5362918579268199,-0.009392225676663396,0.07842477188253172,0.2842206710765477,0.15730241389427213
BroilerPlus Advanced,-0.1629087440272542,-0.07712538113073995,-0.21438154133801204,0.07286164530920669,0.3483679716975651,-0.4428530470996135,0.29843177422390144,0.5023436624152969,0.5563446190553074,0.055380399338227526,-0.0161956532690569,-0.126062811235325,1.0,-0.3013138931659297,0.26962924643009245,-0.3295016735066714,0.08771277050775426,-0.16899511305270748,0.15127147590629275,0.4073715214047886,0.11810464371130683,0.18191028504105236,0.20860655511057907,-0.19259860273392296,-0.2110586366988033,0.11167621216554266,-0.1489564345643794,0.12861147644789717,-0.35706800501719715,0.0027266209761119715,0.30764081510072383,-0.41581519647024207,0.3426305959848975,0.1556179029345538,-0.12835312263158266,0.17404755679995704,0.11786291827700468,0.2198732148924243,-0.061551721419237315,0.19424168751831228,-0.21425055465832207,-0.16159788176634793,0.3968596207122599,-0.0133484091615933,0.6943276705773299,-0.06936416838358138,-0.6136286695546787,0.06457056999344085,-0.3172844052230689,-0.39041091846330356,-0.39196526874166093,0.21962482211274276,0.43244759280066636,0.308143275650208,-0.48711520814366743,0.17002888353831966,-0.12573170146776233,-0.2620036145014531,0.08220507601948894,0.3735918848146114,0.11739945398457662,0.38648728683037065,-0.5445471010670487,0.14699150859526727,0.1724888137620172,0.18657628351574845,-0.14602872015222398,-0.20136552316126055,-0.09282414142848754,-0.32127905623393715,-0.1510957353377112,-0.4596976085978551,-0.34647082861994843,-0.00029330448198795376,-0.500701613429075,0.10371465684515031,-0.3291775473768166,0.1883198242342834,-0.2392115289594181,-0.020372489760860105,-0.14145676018472875,-0.3866312143186205,0.26026509504921164,-0.11895052223729814,-0.24472756585882743,-0.013915875676284497,0.20728340730940295,0.2711588628318754,-0.26996479457700906,0.17005707273528767,-0.20752807617408786,0.2000815227772857,-0.24154709219095946,0.3519706835983409,0.2771004761558067,0.013465536397345032,0.20517890959549112,-0.014562856313251896,0.4269785580750103,0.16107578838072814
ChickBoost Complete,-0.3281543041974632,0.11043153058634943,-0.19479672063756193,-0.17025311404426985,0.07486296568249341,0.3328607167418342,-0.07813331244962042,-0.5750547996627283,-0.20945413706804128,0.18717601815382173,-0.05023067303080209,-0.07752085449512189,-0.3013138931659297,1.0,0.02436812952664366,-0.4465317957145462,0.14013355170398525,-0.44939205528198256,0.1252011209980182,-0.1170003499551641,-0.3403478313155483,-0.06047464481577081,0.0676460949142593,0.35244555388384036,0.23898789377037086,0.13436131731144643,-0.2815705675486362,-0.1413093259405924,0.5929987153783645,0.1126042048040634,0.033709304513295506,0.5640957231965016,0.2753728940165058,0.5927283040337483,0.154538874959407,-0.1310023630385023,0.40621591963166725,-0.08381407601844079,0.278252406994281,0.17192511149668588,-0.26388360570992053,-0.2550255583562031,-0.31869558715329904,0.19131128220104782,-0.2904072816243041,0.1904803597398408,-0.2580725641957631,0.29455020417639777,-0.3609624935306349,0.24964966109530695,-0.08193297246208393,-0.14175977149929925,-0.4760238708426623,-0.1959114385479212,0.23719089435010535,0.0937207004801883,-0.08507572264748378,0.45089769088527704,0.1451593536388873,0.18374703715878962,-0.3540911252201299,-0.46192970158819513,0.2605366494724183,-0.36932775833931797,-0.2705604139004831,0.20973576780121653,0.3155186761193813,-0.24882409334009536,0.7363740834922052,0.7210366857043461,-0.3685420490296292,-0.11595698809911555,-0.001163114974701411,-0.577120910198405,0.3010952423518793,-0.2922874274893525,-0.36574455133624517,-0.12799052949079365,-0.6987722159209514,0.094976128783499,-0.26028190964448383,-0.335038498361921,-0.5265198554159206,0.22055613942014476,-0.0011442710754988473,-0.2930437177136961,-0.25560529181310393,0.3228886405949271,0.4863358627145514,0.3168951878066836,-0.34040494784643777,-0.24744492017980593,0.38000108933827864,0.37625902324223504,0.19244874874885698,0.09477647112463645,-0.17562978497692214,-0.18921172637793593,-0.36234414164616013,-0.23932792211398632
ChickLaunch Pro,-0.4903065175649094,0.32439751051284,-0.8316364646063693,0.30387512971975406,0.863779212019403,-0.2180480831557321,0.02770534110142469,-0.31947699857040907,0.31159283196905674,0.7269713103833851,0.11772992722467165,0.27127639071787396,0.26962924643009245,0.02436812952664366,0.9999999999999998,0.018359438828825715,0.05607684499524854,-0.3430033137656089,-0.41764419170257416,-0.291138926709959,0.5653162415569304,0.21300621721579197,0.4919149608634299,-0.06561501734551795,0.03427457180943731,0.7771982059956976,-0.740883259547595,-0.3207626995662374,0.07881556934326571,-0.3078070379932666,0.5419804296805862,-0.5785770831537481,0.7804481342439668,-0.33442316061651267,-0.26968489737524576,0.53096296860591,-0.4227209097868145,0.22220456162797975,0.3319541359627932,0.8219748000121165,-0.6661693577457954,0.05377886944848404,0.7159098645947478,0.8536507685942091,0.4124792173431873,0.055805639880211755,-0.461882810170736,0.38068656650869515,-0.7023949489261219,0.0554183472373725,0.06720258984833281,0.8795757949653202,-0.0007069716645982056,0.3190505185769412,-0.7638613573527671,0.9051719353030055,-0.3952409556284644,0.20482134834234744,-0.2511738843269887,0.008391769574203168,0.5575463603963544,0.47695676928069725,-0.7145290937658377,0.012129105981269992,-0.14069778927656648,0.8454453542591335,-0.3182675833156795,-0.6977487938635363,0.1807668627074588,-0.1779126771333003,-0.6492740946381406,-0.6941101985049242,-0.9023821071796504,-0.09067024451865473,-0.8512149354986643,0.3645447868529763,-0.44289125141183777,0.504964659423805,-0.2079061936012119,-0.6501627899240245,-0.660247059989994,-0.7855219642477727,-0.2521611235177858,-0.057038390572446675,-0.32513229095444107,-0.4315967852801793,-0.24723064865067823,0.7165962372212058,-0.5237346795494997,0.6582074407875018,-0.6474605492029857,0.4709160877530107,-0.24186771567112325,0.14947878629812536,0.6766438618128382,-0.0033855217789128048,0.5504057565589022,0.3716745011142275,-0.048061279474313656,-0.16344956090509957
ChickStart Plus,0.37549005507613414,-0.09438925653022433,-0.09619441128096583,-0.04417316721218304,-0.33963550683026367,-0.1790354746081717,-0.28184407613755574,-0.010818311924835068,0.2798352844736825,-0.04106245058019667,-0.13837857399062603,0.4267857741373925,-0.3295016735066714,-0.4465317957145462,0.018359438828825715,0.9999999999999998,-0.5679685892743702,0.3826952185069388,-0.5053007044427144,0.12431898945993489,0.2412548200194119,-0.029203212240065165,-0.3884166775669142,-0.384718867625855,0.27331573762341604,0.2094263987522782,0.2447277107521038,-0.18455027308865332,-0.24238215610974465,-0.1767969117630741,0.0085139050509486,-0.1991838311232196,-0.2802733545344958,-0.5673115780845707,-0.36616795163635907,0.4678992986342534,-0.6296237831225899,0.03571317489154498,0.051289529350697124,-0.2856293169021467,0.3222577623645883,0.09925092663452159,-0.10472411889491517,0.0416579360352182,0.028616998435322706,-0.1955793611398251,0.2609832896456698,0.05296162181084939,0.286920167032487,0.3266163206990579,0.508363548287567,0.020367611373226173,0.05816110643157843,0.21897326818967797,-0.11894010417603447,0.029098302588250215,0.4249886979526343,0.09950895025729646,-0.11001051698147567,-0.26720785418088516,0.34768538513938135,0.2690273866914354,-0.053282702014972934,-0.037765673046679354,0.11086784386431765,-0.05579705157653683,-0.5295551872123857,0.3760346511223376,-0.3336324871167179,-0.41124118171742136,0.2829557908970544,0.3004052881759956,-0.08059744384144582,0.4172853237767769,-0.0017351738952048961,0.0022958795447180834,0.3039767510560787,0.3924537010821446,0.7100629133037162,-0.04227876567306855,0.16215507294540182,0.46708676252001435,0.06571039122183166,-0.19300485698849304,0.31297591406494985,0.26269954549335744,0.06848997196057005,-0.3771581952233547,-0.32168976015585865,-0.5072819380813989,0.620389549614503,0.2670794734428348,-0.4184547025888565,-0.6803215398675788,-0.20029607098598132,-0.2706955677926929,-0.029104620315933194,0.39944209549101484,-0.07428537222517362,-0.048426563828110614
ClutchBoost Supreme,-0.6661840941869,0.1064029888302789,0.036209481849708784,0.07158749578727767,0.23961273577913197,0.3102028141335311,0.005347744634775665,0.01486121870284301,-0.09995562842337741,-0.008003004147075887,0.1589563427231,-0.4256050535372398,0.08771277050775426,0.14013355170398525,0.05607684499524854,-0.5679685892743702,1.0000000000000002,-0.07450190825801187,0.5798329972758092,0.05848692142224229,-0.30058964271423877,-0.3718223708242806,0.19337600516610143,0.28855252993060837,-0.4065208107098885,-0.13404279833496466,-0.1623325828429137,0.36451957800192186,0.23586533771277737,0.531388901032801,-0.006315644321045245,-0.03542794380844004,0.1540388507017779,0.09878860676783695,0.700089408099068,-0.4299076600460314,0.46059531172325274,0.12988125828458422,-0.4892281521594542,0.2419050531664969,-0.34233379562960653,-0.1457146243118595,0.07148039929625306,-0.024967713168277433,-0.047883766709827635,0.3913134874646427,0.17376780022591098,-0.07236401957241086,-0.11645669517504721,-0.2240065870949592,-0.6115445415953393,0.17840384763154768,-0.019680421247897553,-0.7228312575760975,-0.08793520585417895,-0.01238905101575609,-0.6565261059392528,-0.2893456063569306,0.21844509823525562,-0.13417467956824725,-0.3878409943767341,-0.1760263287452547,0.17948604005807245,0.03367945538460663,0.19490489242173403,-0.08927823807143587,0.6988440960206794,-0.3520205754682819,0.06544510726070735,0.2805994809456742,-0.07310461191830923,-0.3787917004180767,-0.15688068816063938,-0.015534437224155855,-0.1366555869684023,-0.03745032625666584,0.09987133924571054,0.02135069050073264,-0.11661347594148669,0.19556014363584645,-0.30459866610709635,-0.3384715670939389,-0.1567155050725227,0.23089443434811607,-0.48329513833749793,-0.21071634700788186,0.1566579274729505,0.2928597179772305,-0.02638551606519026,0.4707185203635252,-0.3584750726120867,-0.4695756247686869,0.5883707644955113,-0.026929661176430697,0.16330009330861794,0.08062964652586417,0.10281539796554554,-0.3013306476027399,0.05241893273590366,0.3924638416895952
ClutchMaster Formula,0.2603541269085399,0.18394136288075735,0.23655194834405063,-0.39089554729971615,-0.3084342184639807,0.3719771352648473,-0.653915955616467,0.3697499766916896,-0.040916955981350395,-0.3739353175608612,0.07630099964859113,0.013709636970074386,-0.16899511305270748,-0.44939205528198256,-0.3430033137656089,0.3826952185069388,-0.07450190825801187,0.9999999999999999,-0.2031392008823893,0.1630829448183299,0.25604249123858275,0.15821465753005753,-0.24163897059458617,-0.6329979972139299,0.36300294433616104,-0.12978978223237841,0.3409999855658293,0.22920987698362372,0.2036631000017563,0.06445657526157396,-0.1822882236618248,-0.07980470496845686,-0.528430047999334,-0.5110029191951069,0.30835778075094067,0.15203087328270243,-0.26578483488416105,-0.3248784203885161,-0.2354520957834331,-0.5385403334798277,0.21946826021047494,-0.23935977439430514,0.07949109984822983,-0.33746638645104005,-0.13477699198674908,0.40375068477842835,0.31887426765631033,-0.5074658545274824,0.3075606716034629,0.2089470864129635,-0.1499208838960465,-0.1523238945620616,-0.4036960443365618,0.08397305671057936,0.012375730486227365,-0.3607923555311633,0.01649859676648801,0.13264803850636023,-0.07834013399538435,-0.23144783911162883,0.25836428223809704,0.36783677003396203,0.03754092757081451,0.18148742070125157,0.6055866690330742,-0.3556599654412982,0.15186335730819484,0.2770839096700397,-0.6287091181038975,-0.40766459322822074,0.33897662751923274,0.1732113614428596,0.18512157335179624,0.7459046081206119,0.0007531062828779744,0.2719813273196246,0.4312192874761416,-0.054124983914652314,0.36529097780754416,0.1874322861502453,0.3064681023420599,0.4018006951186834,0.31980531355239195,-0.5649824343252613,-0.23886680299499555,0.46036192961268235,-0.08052387830572466,-0.4662689691601334,-0.14527413500852202,-0.5775862546512349,0.39009281095298187,0.16991242869848985,0.29603071270889075,-0.5434120921176478,-0.45150575230471984,0.24363539078671123,0.13379806206258943,0.2580215993378709,0.033115168851792165,0.3682836031995803
